49224
93392
85220
68568
70312
67172
43852
4928
42320
67080
9492
6956
94420
35548
60804
49936
42720
52212
25088
19508
93688
59716
42992
65980
51876
21748
29656
97708
22712
89320
74888
66412
27844
93784
32364
45336
88000
42300
15764
89612
14328
19928
7928
39464
81764
82044
49352
71592
63168
71680
77496
8788
37000
36884
21020
8476
80156
33176
53824
41964
38176
84112
50892
97508
32980
75264
81488
8984
62808
2072
86184
38588
96888
24716
53620
11976
83356
87116
14892
22296
83672
97884
92800
80560
98372
52288
10348
74344
56728
2972
9596
47200
87656
94992
13144
15332
77272
77048
50456
59120
50324
94272
63484
57212
13940
71204
63452
3896
88044
10680
90824
86600
33284
72056
67940
10416
9892
80076
93716
39912
46852
96380
68436
34912
45624
94820
32064
38252
85504
4700
14120
49032
70004
29608
60516
57968
56232
33524
79884
22300
53344
82816
7532
69512
21308
16028
7288
16440
32356
38140
67984
49520
27808
82572
63912
80352
30956
26180
45200
82060
90644
28588
73216
71816
2772
38620
58132
88872
15024
79516
14944
27320
49164
48968
7100
48244
53996
42868
54252
81120
2248
78148
51412
27116
10680
34216
22728
3876
57916
19996
5420
41952
90216
64680
90236
91684
15680
90068
34156
71896
74988
47516
18192
45364
32748
50784
99076
64364
52360
42100
62604
15876
14952
91632
1948
6496
98860
50688
44484
30532
56100
93360
26080
27912
36864
1416
55336
19508
5248
58392
51752
49404
90748
80356
48368
45904
3792
56632
82404
10088
76652
3212
40096
86000
38160
69112
97808
48248
53336
13120
34616
94124
34220
97448
53540
68528
4708
64904
48376
66684
68524
58628
55368
42460
60076
93104
85064
48172
41752
98772
67952
29048
45752
14492
82588
3908
19596
25308
18904
73480
32600
73776
60740
50112
78244
97148
94724
70640
3240
73268
76092
53688
64288
42448
26888
3232
10244
77424
72064
46812
80636
20668
64984
63116
26696
3520
77352
54776
41804
27680
11464
40596
11752
33632
75436
9856
43692
76776
5436
25440
37192
62628
50464
66112
37864
96588
81556
73364
26844
4896
32280
24544
17544
89652
98776
67912
57900
26444
25988
69696
92620
98384
25696
7368
42840
78736
60800
54036
47196
60408
94696
76132
88544
12552
67856
10696
56304
89432
41092
12252
95376
74748
75744
8460
27968
79748
92000
83148
14772
22868
12928
68724
44760
93956
77184
78616
19016
74428
89200
76208
85800
82868
70068
97528
2884
47372
95640
84332
44716
96620
95732
2392
32272
48888
8844
63340
67756
17740
77476
79228
19780
28624
62736
91484
13916
92356
18984
7876
97300
92932
52956
67536
80472
86296
78652
82692
81888
1180
25512
78468
91936
32536
42100
68576
96052
40676
47532
60932
89688
15912
10544
53948
27848
87684
33280
80812
20200
69272
38824
61200
14792
46960
56840
67824
79888
73688
83608
49212
91704
31156
82740
66988
18032
46492
74296
91908
90640
43656
92780
63636
53348
81300
27792
63300
49604
20212
73712
17368
5600
67268
93548
31896
91240
25472
74520
80120
19292
23132
58328
48604
3084
53776
52360
85676
31616
17648
24428
48836
1280
36732
5880
9204
31888
26172
58468
67376
29472
75764
66204
74356
80236
41652
40512
44500
11876
48312
71768
85604
56312
95124
51436
66932
964
87096
4136
95700
92836
87960
20780
59812
73776
98596
89828
73612
89884
10804
42404
63184
77636
42016
78644
81728
8228
17168
99104
86912
62788
64548
70532
31760
4480
3764
32504
55168
10272
49560
9860
84068
15828
48496
39644
5100
30216
53396
20544
20952
49040
46512
75340
18208
12844
19772
33796
80248
26380
47444
33316
29720
71936
42656
2064
52988
28824
94200
83536
54432
84900
32344
65080
73156
50084
75012
5900
89436
99352
90076
52036
29240
28792
3880
97220
86656
98424
92124
25156
23580
67736
35908
11852
22336
61280
64196
39616
43224
82752
49244
83520
31952
49368
85524
8772
91524
75436
23904
42828
24392
84192
8296
30180
38952
30476
71560
77732
82592
58052
71680
95156
40812
60184
47876
50536
6440
18824
92068
79840
576
1252
3112
99492
20776
34128
35496
15336
77768
67884
47480
70996
82756
41532
67984
29288
63248
75908
76196
31036
48236
5532
79924
72008
97372
29788
75148
36728
85480
52884
6236
86160
16600
90484
580
85016
17960
99556
55728
60524
34176
59668
7144
25476
16296
81524
55456
27592
79384
39052
62648
87312
69792
66604
12548
76396
22160
15716
29364
45472
41912
68176
11972
25728
53372
30516
71468
93336
27744
6168
41920
49904
34392
48500
7996
76808
26456
41436
40980
29352
70788
97520
18348
14744
81212
83916
96152
23160
28216
99004
10228
28576
44140
20492
95384
87172
1108
76940
73800
88572
18916
94292
13600
900
96548
12612
61532
39244
63332
52884
12216
73748
67100
67748
89152
15188
83916
5352
39480
42304
76756
55276
14364
60396
64932
41712
80448
36284
61180
57824
58828
68056
35736
58744
68428
80664
14484
90444
61020
48268
83768
96148
29948
26496
87516
11016
41932
12800
78668
86112
41716
53868
72704
42596
50456
92936
94428
5444
18296
47376
9764
85716
48856
48728
35220
95652
42948
91172
24964
50156
25104
50068
41108
23272
68648
54680
73196
6400
99656
61908
40764
79748
20164
81668
47204
77052
15852
82280
72896
44308
77840
93256
63804
75536
89652
69536
90236
60652
77104
43668
92576
83464
12648
87332
58864
79244
5548
99624
70308
12272
84112
11808
68932
44804
59276
29876
74976
90512
91964
17504
69940
23896
19980
75792
17044
84696
64528
5556
16816
92608
85904
77312
98100
4880
67504
11812
92336
3540
22324
11692
71372
48756
57784
51256
81884
61324
40724
7748
77576
50848
89844
22220
60116
48928
17900
12096
184
50552
83216
95500
6696
37220
69636
48212
5160
57428
71860
61152
52956
69368
43884
76788
98572
34788
2652
76920
1192
27368
44612
12604
96128
90228
644
97580
74500
26920
52628
53820
65736
88404
8500
94184
8360
99412
26332
31152
45388
3712
55120
16840
54072
36172
3212
47484
92872
19056
83008
25248
38448
31680
37868
27012
25096
54140
48404
45308
81348
52240
83920
28656
67692
66524
2604
71484
18076
99424
90152
40464
94992
344
99436
17512
16936
19340
38764
9492
82016
18524
45612
64544
97936
39660
20360
58492
39760
91484
16268
78956
44908
28372
68564
25704
17840
29668
58948
87124
25064
3728
48652
31376
58556
72044
87424
67364
71092
19744
1360
34660
40144
38504
39844
48260
86716
6460
73864
37848
77992
79536
90892
2992
8120
99692
73224
68884
32396
72676
52640
82112
37308
32448
98992
31388
91480
24864
44120
1416
89248
26556
59004
3536
4224
74312
13852
27980
62480
32380
33364
16212
36612
48936
2812
91892
43400
96316
33784
62752
55436
64264
94044
12596
80564
31504
81532
90836
98888
53112
3676
85400
30324
56100
21160
5836
82592
71360
38496
57836
73572
72796
76472
12136
13196
94948
22664
53984
27556
74992
76600
87812
39212
7364
55040
62088
75724
35876
85756
26332
96136
43228
95004
72064
32048
60492
17236
51076
54364
31756
84716
93752
10336
35080
89348
3280
14416
68780
62280
72216
12640
83536
8028
58964
90784
38200
88740
42764
91196
38252
748
47648
16976
59676
38432
24984
7036
95248
58752
92676
45868
70852
98600
25372
57252
53448
5476
43516
64984
38956
51104
89908
76388
77160
94000
66308
45008
31292
38236
58848
16524
600
73004
2008
25712
78668
23312
20256
81192
86636
21672
70880
23764
85256
43748
30384
32824
33544
30684
7628
3840
36664
78304
82652
89572
35508
3960
95088
29160
92596
99616
55772
34776
24632
37620
28592
12244
23680
89756
45216
38456
28976
5704
46488
69744
280
53284
51544
51952
19000
86024
16348
12332
82076
99728
6820
88844
92508
40388
84516
96756
71796
25896
58980
14880
63148
34880
88120
99352
17396
64736
76572
94900
63936
86744
24332
86024
49188
6732
78504
47156
80900
47148
89288
2164
54104
14212
22528
69684
98428
16832
55760
43744
37536
59384
49360
5340
42524
64524
20284
35600
71276
22328
20636
55384
71360
1040
19384
4424
36892
6668
56448
8168
78776
28804
23452
98424
86552
4956
18848
90844
60496
60136
81112
18684
68336
58060
85912
57036
18556
68472
49540
82908
33564
50088
96852
76484
95040
39160
91908
13620
56844
68324
87936
17760
8236
67280
860
14492
64224
30116
3472
96952
38572
8096
99112
88796
53020
27148
90224
66784
32560
51212
36360
91860
58644
91948
32604
27684
5696
4116
89260
14600
41416
31436
40552
71664
58708
49924
8416
74456
1444
29668
55384
57808
48048
16412
24828
57696
44208
92120
20116
27888
72636
87092
79624
93600
4820
47940
38100
25476
65260
38976
74032
88852
91016
59992
54488
83500
22304
16508
3224
46032
85808
42716
58888
54120
34024
50532
34112
58056
62412
40796
95572
45556
91492
71372
37524
57180
80240
69372
13016
97256
3116
60296
42576
27476
47140
66268
27108
97140
93444
64328
55704
82752
52932
22912
26896
89960
53864
80976
67880
66492
29368
48076
58532
66316
57024
61620
95316
61632
34328
64568
83456
34520
74452
58592
92028
51132
2696
40572
97156
99896
80612
4720
71200
44
66052
40784
68748
64232
89200
87704
84860
65472
8316
79260
79516
74640
36196
91744
2580
80944
23620
99100
27156
66820
48228
67680
36728
98616
22440
1432
38396
50392
11800
79076
39008
98356
53116
25672
68732
42012
1784
13584
39892
97428
59740
81876
62704
27004
27344
1648
42748
2488
89852
33712
39756
92128
59732
9860
89348
79200
9304
21412
87440
82240
70056
60040
91496
15920
65812
92784
55160
92996
80696
32792
2108
21632
40432
1364
69692
92728
32720
83748
75280
72352
44604
12184
77564
75096
50736
51348
79192
5732
35904
91804
43904
96604
8788
87644
44912
6336
37272
55992
16012
82652
60224
12912
13724
59020
21232
37436
24700
82392
43316
55196
18196
73032
4820
31940
39768
52220
61232
92716
93440
67688
90704
53248
14480
50772
96480
94180
96348
72508
93100
4328
5708
1544
96440
31364
82136
76632
92824
96604
7648
87080
22560
22304
53324
13596
84496
35032
44240
48104
47040
72320
12592
32040
97764
6376
76424
58980
86232
95480
15832
62408
36264
67428
95668
34028
80360
63008
55176
11988
15944
53564
17176
93340
24968
94440
96988
73676
8976
93408
21980
60152
79940
88596
62272
22692
30892
51892
77880
23812
79644
29576
70284
51644
95212
51356
47400
77696
82092
14384
43048
60756
94404
83832
18316
23448
37832
52440
75284
29884
16024
50564
34108
62712
76876
60024
63588
64004
38364
70192
61392
99512
10792
95792
32812
92836
82744
99544
29020
43680
93828
15864
9416
80840
89572
91084
42964
66864
94888
68032
99960
15824
9748
45156
99320
37316
15692
36524
52904
70892
11896
27588
38168
84616
33872
29888
69044
53240
60828
90760
49756
56608
50296
81896
55896
27508
20748
71044
66924
20212
82608
81540
72844
7172
15200
76096
86344
45124
43916
18864
9504
96884
37872
21912
12400
63008
25812
41428
81872
44284
54280
16320
94400
99984
512
48400
58716
16596
34908
92444
24080
17268
31124
99888
40260
34104
46316
97368
84172
73764
67036
39496
24380
29496
26612
45408
34108
43088
8600
82584
32980
99980
24040
37960
69944
80212
95616
99508
40224
53456
65712
85228
57348
85224
44712
88188
67896
58068
4944
62292
85216
92224
82224
10680
99364
29088
14304
97664
90484
36572
14152
76464
42844
67512
92156
73140
21052
50324
32848
12380
13316
23672
43844
90812
31700
60172
75908
88700
50936
44860
7800
98328
19724
43492
89248
70472
48296
18752
81136
24204
94136
64648
31268
51620
95112
3824
95468
67052
94748
11756
90976
85576
57368
91848
4516
52824
16628
61948
1240
56084
95812
84892
55832
55812
35952
11416
98732
42060
18912
70808
68836
57540
40344
17116
59176
54924
24516
57756
71280
57752
41284
40908
35112
95072
26000
29928
96740
52660
18728
53112
24060
51572
77572
96744
65348
53684
6796
31840
99736
23796
38056
65616
57168
52580
14052
40800
90916
81236
82476
97068
15328
6820
67908
43428
72808
28500
65436
14076
1252
68312
11740
64140
12148
72796
66532
68812
38788
84756
23296
57552
46768
32216
39228
8040
49828
45420
81244
9408
36480
74816
22904
23180
20700
28440
6700
73860
14080
23488
7520
82336
28232
16320
1716
49636
22800
52208
41808
67524
27044
58128
65088
15840
95376
46904
40496
66476
82864
50388
55348
57316
36472
82868
1328
71156
11652
44756
72880
28228
16180
66732
68612
68464
61620
90940
89060
47460
55792
43064
90296
7628
57532
92524
27876
3304
92364
48156
9888
73216
66972
83676
74600
14420
26876
21596
73568
48100
26400
80648
59988
82024
52864
11780
7240
95692
49848
37308
83108
72368
24088
84384
85036
25772
67236
70712
16436
58968
2304
38664
27604
11824
86436
83536
9548
50748
67516
92360
19964
8572
1656
41764
6012
37412
34864
74412
48508
94376
32144
2948
79208
10676
33880
22520
45528
44200
98240
86400
20108
94616
32112
11404
8992
89944
43352
59740
42572
12744
48632
43708
28552
13824
97420
23176
63220
3328
88140
34984
83236
78692
90096
13976
92264
59416
10900
29344
65888
49844
98628
80324
67588
1248
17056
3096
40088
34668
56788
92056
70328
804
85056
95672
10616
49644
38428
34100
91460
88112
10664
9372
3336
15048
31324
16408
38828
97272
75412
36968
18828
75904
99336
87272
91068
56336
8352
40356
62608
93708
69152
60076
75348
9396
54744
87512
18608
51184
34884
21356
41100
42548
33672
81964
66560
94968
42192
56688
61624
12360
42092
54360
17248
10820
30236
53012
5484
32300
8964
59708
77076
31436
17352
28528
39348
12000
75804
5992
64240
32232
64984
72172
42060
4604
36836
88180
44680
86028
26680
41872
60768
56260
38528
30100
6768
74796
3344
61768
14828
96208
70844
13916
90748
36844
82856
91628
16844
46852
31832
62588
8852
70004
91348
70632
62260
92616
77612
1004
77004
37660
7664
14216
75728
99536
76400
56912
10940
99984
35316
20348
24556
96356
80704
5260
72968
25988
40040
89016
39092
69360
11552
9684
78852
97524
4840
26028
96944
85960
19916
39720
45260
57040
46680
68592
69712
25532
94696
30372
48952
86948
70812
696
96444
58128
5124
89016
17904
12216
72116
4864
72812
20188
37916
7136
22912
49304
25220
13924
49268
39860
88152
65184
69056
64408
36196
35716
57088
55536
75904
20720
66180
34132
19652
55848
17304
59496
97452
24112
25676
66572
28916
844
34836
17936
16820
77432
14272
3108
94276
27404
56320
91244
68904
92088
20216
62808
35132
22852
99820
76480
1068
72132
61252
81028
96384
91804
99400
68800
45280
48060
27304
45720
46124
25840
11092
41208
56788
22344
12684
60304
61364
46480
87688
58192
10032
21512
15600
62464
1128
94172
59368
60772
61248
82760
96084
16360
1416
83396
80744
21556
40520
84528
22820
13028
37924
39692
24220
7900
47732
66300
92036
27384
31728
73968
58980
81868
39788
63688
76748
97256
89292
77164
76968
71796
64276
37848
98700
66088
53980
2480
96528
95228
56096
38388
68848
2428
87816
90296
12480
98824
54920
356
20656
53260
19912
21920
15136
84980
14068
21948
31112
74372
84860
94408
55676
40656
33132
81456
32400
34644
34700
29108
70260
25440
17928
61536
7488
31320
664
28576
29772
1056
62156
93476
59440
34892
58316
55464
35156
42812
72596
31916
11856
96860
44964
81936
17092
7812
80604
78188
90852
90044

 2404 
